0 1 1.033099 0.093536 -0.037961 0.3171845 -0.2366641 0.1427899 0.9071908
1 2 0.589385 -0.557830 -0.305201 0.1094217 -0.5001618 -0.8550748 0.0819273
2 3 -0.344795 -0.326952 -0.898909 -0.9047572 -0.2290733 -0.2473674 0.2602866
3 4 -0.862188 0.468834 0.572294 0.4974765 -0.7449399 0.1851044 0.4041262
4 5 -0.412970 0.367591 0.554111 0.0224185 -0.2892013 -0.8104386 0.5089689
5 6 1.021990 0.090432 0.085613 -0.7844494 -0.4917095 0.2812090 0.2525518
6 7 0.459972 0.672496 -0.417547 0.2753192 0.3956294 -0.2544933 0.8383972
7 8 0.620421 0.552512 -0.170980 -0.2718170 -0.3729929 -0.1661162 0.8714340
8 9 0.296832 0.845154 -0.593952 -0.0082991 -0.2242353 0.9027332 0.3670456
9 10 -1.005653 0.019179 -0.057027 0.1602977 0.6704180 -0.1032699 0.7170632
10 11 -0.930853 0.571492 -0.412127 -0.3102528 0.2565282 0.8949002 0.1925879
11 12 1.088712 0.367279 0.148360 -0.5481727 -0.5575618 0.2478670 0.5720083
12 13 0.312268 0.578672 -0.681622 0.0260916 0.2475466 -0.4111978 0.8769015
13 14 0.290375 0.724555 -0.035167 0.1241755 0.0523302 0.9836571 0.1194182
14 15 0.447520 0.111917 -0.719747 0.1387343 0.2315816 0.3935340 0.8787797
15 16 0.820308 0.166799 0.582982 0.5199264 0.6115118 -0.4727717 0.3636163
16 17 -0.131781 1.138244 -0.432089 0.2866628 -0.7910002 -0.0425079 0.5388285
17 18 -0.659362 0.737927 0.198079 0.7094374 -0.4777085 0.4908697 0.1659520
18 19 -0.055319 -0.107000 -1.005436 -0.1170649 -0.3517708 -0.3924016 0.8417684
19 20 -0.780846 -0.022241 0.594764 0.4177985 -0.3328384 0.7571043 0.3761065
20 21 0.466192 -0.755862 0.069550 0.5652894 0.5009292 -0.1730548 0.6321155
21 22 -0.148214 -0.120020 0.930100 -0.0065936 -0.0602740 -0.9956256 0.0710866
22 23 -0.434293 -0.152254 0.925618 0.9067534 0.2709883 -0.1366802 0.2927151
23 24 -0.326100 0.618947 -0.776065 -0.1557603 -0.2486399 -0.3001091 0.9076626
24 25 0.062895 0.812184 0.570723 -0.2120919 0.4211556 0.8177718 0.3299915
25 26 -1.037748 0.006841 -0.031647 -0.2690020 -0.2153845 0.9176754 0.1977860
26 27 0.622696 0.243451 0.808110 0.2488780 -0.0713894 0.6442356 0.7196692
27 28 0.375179 -0.409960 0.761856 0.0327456 0.4718716 0.6781225 0.5625077
28 29 -0.828120 0.220376 0.121489 0.4411498 -0.1547958 -0.7728374 0.4291240
29 30 0.548589 0.339349 0.557420 -0.4116225 0.5644292 0.7128572 0.0618159
30 31 0.436442 -0.742408 0.485161 -0.1274140 0.2449852 -0.7280491 0.6274492
31 32 0.592323 0.365749 0.618332 -0.7010996 -0.6063926 0.2882736 0.2400952
32 33 0.157914 -0.048340 -0.864380 0.0067613 -0.5848042 0.6616080 0.4692901
33 34 -0.826381 0.516812 0.144803 0.2295088 0.0992964 0.7826956 0.5699592
34 35 0.470487 -0.754686 0.314185 0.2367028 -0.4744042 -0.7627145 0.3703770
35 36 0.574211 0.390397 0.767255 -0.3101260 -0.0480080 -0.2402803 0.9185763
36 37 0.595042 0.333445 0.732696 0.1337962 -0.1427012 0.0375755 0.9799607
37 38 0.953238 0.242737 0.170030 -0.1743670 -0.0318789 -0.9355561 0.3054744
38 39 -0.342854 0.683286 0.613001 0.0380859 -0.1744423 -0.9816505 0.0669450
39 40 0.824488 0.670932 -0.309731 -0.5616729 -0.1186537 0.5100117 0.6405723
40 41 -0.004482 0.924561 0.213361 -0.2979357 -0.3562095 0.1088627 0.8789187
41 42 0.602990 0.891147 0.039051 -0.1960375 -0.0142332 0.6517403 0.7325307
42 43 0.805720 -0.470733 0.035467 0.6347534 -0.6113158 -0.3039062 0.3619699
43 44 0.685828 -0.300246 -0.589405 -0.2400834 0.8058849 0.5163106 0.1622741
44 45 -0.540020 0.171614 -0.898998 -0.6218638 -0.6699584 0.1134711 0.3893141
45 46 0.478188 0.740157 0.286618 0.5834646 0.1706519 0.6151634 0.5020169
46 47 0.968650 -0.537251 0.110966 -0.7325944 -0.3405028 -0.4926683 0.3234830
47 48 0.336384 0.883611 0.135282 -0.7232280 0.5389982 -0.4226846 0.0880901
48 49 -0.508223 -0.757241 -0.240539 -0.3285102 0.1599291 -0.6373923 0.6784061
49 50 0.497561 0.066049 0.690307 -0.3433085 -0.1218994 -0.9309593 0.0243839
50 51 0.953980 -0.083936 -0.089724 0.3428225 0.3071933 -0.8629336 0.2084482
51 52 -0.658631 0.463512 -0.900217 0.1144502 -0.1523978 0.4229244 0.8858956
52 53 -0.009623 0.849884 -0.122647 -0.2525740 0.2632147 -0.8458348 0.3892143
53 54 -0.672583 -0.684572 -0.347345 0.2976856 -0.1863913 0.4494829 0.8213444
54 55 0.031667 -1.159735 -0.243395 -0.3580682 0.3497362 -0.7888350 0.3566666
55 56 0.034186 0.212349 0.888254 -0.3097183 -0.5556750 0.7658580 0.0936022
56 57 -0.478353 -0.763436 -0.242339 -0.0153479 0.7301023 0.6704870 0.1310048
57 58 0.389128 0.072250 -0.913122 0.8401780 0.0013826 0.5421660 0.0124530
58 59 -0.552614 0.193069 0.899225 0.2217019 0.4737889 0.2401691 0.8177354
59 60 0.360924 0.476823 0.640810 -0.2895673 -0.1095085 0.8975932 0.3138235
60 61 -0.941839 -0.122117 -0.413046 0.1300337 -0.2978568 -0.9381609 0.1192754
61 62 1.097755 -0.326365 -0.157252 0.1464402 0.6302875 0.5175288 0.5598722
62 63 -0.532075 -0.546958 0.732641 -0.9907581 0.0204661 0.0834051 0.1049907
63 64 -0.871884 -0.008230 -0.508047 0.2456192 -0.3357712 0.3180833 0.8519107
64 65 -0.293721 -1.016206 0.049417 -0.4022875 0.3113821 0.0910753 0.8561024
65 66 0.380900 -0.820717 0.593762 0.2711223 -0.6452762 -0.1632896 0.6953042
66 67 0.613602 -0.779818 -0.096240 -0.4922354 -0.4355544 -0.7487075 0.0862192
67 68 -0.780388 0.712057 -0.367497 -0.3350315 0.1702172 -0.5952781 0.7102281
68 69 -0.863952 -0.316165 -0.426440 -0.5120177 -0.3207385 0.3724309 0.7044572
69 70 0.466926 0.870059 0.001238 -0.1819499 -0.1716717 0.8187947 0.5167188
70 71 -1.114811 -0.229136 -0.479781 -0.0087417 -0.5228499 -0.2788356 0.8054826
71 72 -0.326968 -0.655688 0.436487 0.2972732 0.4667076 -0.0679162 0.8301807
72 73 -0.935186 -0.456649 0.097183 -0.4424160 -0.0000904 -0.8637545 0.2412391
73 74 0.841851 0.384835 -0.582385 0.2886336 -0.0288048 0.9496264 0.1186197
74 75 -0.310979 0.625274 0.688808 -0.0784467 -0.4694408 -0.8742766 0.0954567
75 76 -1.040506 0.006543 0.061099 -0.0379164 -0.7316150 0.6236259 0.2727500
76 77 0.897893 0.387152 0.458868 0.5283727 -0.7689494 0.3249439 0.1547598
77 78 -0.304377 -0.787547 -0.254977 0.1092979 -0.1806748 -0.7196996 0.6613948
78 79 0.830223 -0.324920 -0.350641 -0.1539467 0.3393651 0.8866846 0.2737193
79 80 0.666529 -0.296149 -0.627760 0.4303854 -0.6412025 0.5334203 0.3450951
80 81 0.461652 -0.729945 -0.281242 -0.1163588 -0.0578862 0.8690513 0.4773464
81 82 -1.008604 0.230191 -0.233074 0.2955291 -0.4333608 0.8432756 0.1172487
82 83 0.699372 0.662801 -0.523180 -0.2880714 0.3715618 -0.0417453 0.8815974
83 84 0.501912 0.623254 0.409106 -0.3949427 -0.0694269 0.4947409 0.7709939
84 85 0.546840 -0.557792 -0.782669 0.7643691 0.2861031 -0.5454822 0.1906152
85 86 0.869897 -0.529500 0.402152 0.0254875 -0.7667545 -0.6413181 0.0122054
86 87 -0.795708 0.088231 -0.544311 -0.0744949 -0.2829141 -0.8653355 0.4069454
87 88 0.663576 -0.767353 -0.105663 0.3874748 -0.0193320 0.6692079 0.6337588
88 89 -0.467759 -0.276635 0.895160 -0.6546017 0.7163413 0.1605492 0.1804874
89 90 -0.593392 -0.855229 -0.096571 -0.2487993 -0.2761566 -0.1937791 0.9079020
90 91 0.750683 -0.261725 0.594205 0.7890290 -0.1695037 -0.0677477 0.5866106
91 92 0.646977 0.536817 -0.435274 0.4961816 -0.4494285 -0.6350845 0.3853382
92 93 -0.633430 -0.400793 -0.376124 0.7688608 0.0166424 -0.6083131 0.1962935
93 94 0.676443 -0.004043 0.772354 -0.6260988 -0.0585361 0.6470785 0.4311186
94 95 -0.511961 0.759325 -0.168908 0.1453467 0.4044058 0.1125537 0.8959141
95 96 0.515039 0.438607 0.689271 -0.0416043 0.1348666 0.3263579 0.9346500
96 97 0.537002 -0.305612 0.824579 -0.3574433 0.7756505 0.2030242 0.4789381
97 98 -0.861117 -0.726030 0.037989 -0.5297853 -0.2732495 0.6532636 0.4668071
98 99 -0.635041 0.484469 0.624591 0.4081770 0.5005018 -0.3886596 0.6571401
99 100 -0.511817 0.496862 0.784578 -0.3023182 -0.3841154 -0.1890459 0.8516576
100 101 1.200908 -0.043454 -0.007163 -0.1701722 0.5012571 0.2074394 0.8226492
101 102 0.591024 -0.433614 0.611952 0.1119237 -0.6051461 0.6067783 0.5030818
102 103 0.158251 -0.965329 0.046934 0.4365347 -0.1359161 -0.7757836 0.4348839
103 104 0.512555 0.750171 0.013386 -0.0822789 -0.6637042 -0.2813206 0.6881756
104 105 -0.835649 -0.081376 0.555512 0.1648136 -0.0241809 0.9665174 0.1951816
105 106 -0.577857 0.807207 -0.220757 0.5615201 -0.3457629 0.6069564 0.4435619
106 107 0.258833 -0.000437 -1.020067 -0.2876468 -0.4963888 -0.2550475 0.7783368
107 108 -0.642397 0.425881 -0.130630 -0.2090185 -0.2474638 -0.6866922 0.6507893
108 109 -0.753093 -0.796700 -0.122041 0.2090272 -0.7493631 -0.1817803 0.6014303
109 110 -0.889490 0.452143 0.473078 -0.1049999 0.8569768 0.3863499 0.3244989
110 111 0.776360 0.008994 0.667954 0.3282097 0.0441977 -0.1103275 0.9370981
111 112 0.258272 0.627159 0.741598 -0.0646372 0.0213320 0.3612061 0.9299985
112 113 0.565393 -0.009463 0.713057 0.3714406 -0.5699008 -0.7292442 0.0738093
113 114 -0.860237 0.306002 -0.446589 -0.3714611 -0.2736070 0.8722721 0.1621643
114 115 -0.306292 0.865108 0.439219 0.0389761 0.0619875 -0.8765240 0.4757563
115 116 0.829346 -0.725025 -0.192918 -0.2119726 -0.3736880 -0.9026342 0.0260085
116 117 -0.475955 0.864534 -0.285560 -0.0437828 -0.4203587 0.6057519 0.6741263
117 118 0.618470 0.823903 -0.284829 -0.5195259 -0.1784503 -0.7858175 0.2841465
118 119 -0.037896 -0.392389 0.704109 -0.4662548 -0.6176295 0.5627423 0.2906223
119 120 -0.257024 0.282581 0.808707 0.5216729 -0.4124965 0.7316951 0.1494202
120 121 -0.322725 -0.808897 -0.546787 0.3678129 0.0023100 0.9079898 0.2006562
121 122 -0.199745 0.897094 -0.335639 -0.0718177 0.0783568 -0.9852672 0.1339809
122 123 -0.101779 -0.772358 -0.366231 -0.0817103 0.1285928 0.3265087 0.9328340
123 124 -0.431344 -0.456433 -0.610933 -0.2935601 -0.7077629 0.6369612 0.0847031
0 9 -0.175984 1.191500 0.040621 -0.3599039 0.6418008 -0.4840758 0.4735309
0 49 -0.064995 -0.270272 0.954658 0.5103503 0.1933094 0.8359681 0.0577188
1 8 -0.062404 0.790626 -0.703394 0.4615956 0.1481179 0.6142114 0.6226836
1 48 0.433336 0.308857 0.626206 -0.8817545 0.0276994 -0.3055742 0.3582823
2 47 -0.712584 0.599107 0.153506 -0.3423079 -0.5373543 -0.7433382 0.2037743
3 6 -0.586019 0.114638 -0.982900 -0.0650692 0.0574151 -0.7311567 0.6766678
3 46 -0.285518 -0.827646 0.235728 0.8133935 -0.1002407 -0.0277912 0.5723378
4 45 0.865739 -0.017173 0.685404 0.6817481 -0.2749028 0.6775326 0.0244439
5 14 -0.110062 -0.038574 1.191938 0.7920777 0.4703447 0.3882091 0.0261255
7 2 -0.693071 0.663893 -0.264779 -0.0751329 0.7634717 0.2365160 0.5962602
7 12 0.735446 -0.739767 0.232296 0.4605459 0.3639899 0.8042454 0.0927264
8 11 0.914459 -0.526504 -0.508712 0.2005176 -0.3188466 -0.7886205 0.4860115
8 41 0.785225 0.233955 0.737772 0.6375255 -0.2148046 0.7188757 0.1750370
9 40 -0.105929 -0.826739 0.228308 0.4229746 -0.3303260 -0.1797054 0.8244290
10 19 0.531439 -0.486067 -0.732176 0.1101535 -0.9474902 0.2390367 0.1816313
10 39 -0.624085 -0.684822 0.306949 0.5417799 0.1209150 0.4871596 0.6741882
11 18 0.082034 0.224240 -1.083559 -0.7591569 -0.0198519 -0.5758611 0.3027716
11 38 -0.207143 1.136607 -0.044770 -0.5777046 -0.0164544 0.4774598 0.6618299
12 17 -0.633213 0.786415 0.038780 0.8690450 0.2136605 0.1717880 0.4118239
12 37 0.565782 0.302188 0.558841 -0.2541992 -0.4212514 -0.7632761 0.4187358
13 16 -0.578003 -0.192034 -0.711704 -0.6599640 0.0851648 0.7126721 0.2220203
14 35 0.790162 -0.472451 0.210212 0.4163755 0.7294017 0.5268981 0.1303184
15 24 0.464900 -0.569173 -0.675095 0.6599628 0.0248781 0.6230660 0.4190691
15 34 -0.059704 -0.854659 0.462437 -0.0770110 0.0309721 -0.9965430 0.0034879
16 23 0.703969 0.219009 0.556151 0.1691590 -0.5651867 -0.7966955 0.1312458
16 33 -0.804957 -0.107126 0.619868 -0.3390033 -0.0693552 0.9091820 0.2316349
17 32 0.932076 0.575645 0.105240 -0.6774521 0.3768972 0.5859777 0.2358755
18 21 -0.812158 0.430735 -0.023197 -0.1265881 0.1105089 0.7249558 0.6679838
18 31 -0.419610 -0.869940 0.181052 0.2509931 -0.0899214 0.5509198 0.7908249
19 30 0.467168 -0.875684 0.181484 0.5886906 -0.1400214 0.7772113 0.1725686
20 29 0.048445 -0.184365 0.929297 0.5466260 -0.1689960 -0.8040462 0.1617097
21 28 -0.926433 0.726142 -0.050972 -0.1743149 -0.7148645 0.0188112 0.6769263
22 17 0.899914 0.686895 0.226616 -0.7049297 0.2555291 -0.5031539 0.4296685
22 27 0.620831 -0.615850 0.052194 0.8415391 0.3877916 0.1996568 0.3186955
23 26 0.550119 0.908680 0.605983 -0.1737978 0.0399928 -0.8853917 0.4292742
25 34 -0.010633 -1.068077 -0.016147 0.2573311 -0.3554348 -0.1887686 0.8785290
25 74 0.058101 0.038694 0.870056 -0.3244751 0.4526415 0.8076130 0.1938885
26 33 -0.567571 0.889596 0.506254 0.1343781 -0.2632269 0.4904641 0.8198165
26 73 -0.580544 -0.771364 0.628533 -0.0235315 0.3861113 -0.8764656 0.2866572
27 32 0.778973 0.679231 0.035616 0.1650813 0.3159637 -0.7745459 0.5224880
27 72 -0.533601 0.659010 0.656582 0.0024627 -0.4484602 -0.5712232 0.6874456
28 31 -0.455965 -0.636513 0.716523 -0.1729032 0.5515377 -0.5423734 0.6097063
28 71 0.349801 0.646934 0.678961 0.3187164 0.0409694 0.7070828 0.6299009
30 39 -0.878456 -0.408837 0.350599 -0.1409506 0.8364238 0.5293573 0.0175814
30 69 -0.049449 0.551599 0.636625 -0.4719196 0.0515385 -0.0623463 0.8779229
31 38 0.444521 -0.839062 0.332245 -0.1025580 -0.6843717 0.5520202 0.4651784
31 68 -0.796350 -0.320963 0.539617 0.2471988 -0.1126071 0.2438728 0.9309879
32 37 -1.071299 0.332281 -0.217434 0.2394084 -0.3664988 0.6351404 0.6363638
32 67 -0.548885 -0.918998 0.163941 0.6592104 -0.4344016 -0.5755902 0.2131496
33 36 0.527932 0.711395 0.114229 0.1898614 0.1696947 -0.3116861 0.9154278
33 66 -0.205989 -0.299667 0.866361 -0.0454487 -0.1694622 0.0851091 0.9808024
34 65 0.310115 0.305993 1.013195 -0.0370236 0.3960275 -0.8366116 0.3766596
35 44 0.244620 0.695567 -0.730934 0.3169264 -0.2995059 -0.3631813 0.8233791
35 64 -0.584187 0.637180 0.233117 -0.3641032 -0.3961573 -0.0156467 0.8427594
36 13 0.712574 0.126082 -0.537915 -0.4188549 0.0801480 0.6256518 0.6532203
36 43 -0.265187 1.060146 -0.048280 0.1073474 -0.1955372 -0.9647278 0.1397926
36 63 -0.925365 -0.040275 0.744627 -0.4924932 -0.0482591 -0.0946712 0.8638049
37 62 -0.234355 0.323858 0.795689 0.6303208 -0.2217922 -0.4065912 0.6230470
38 41 -0.771752 -0.738590 0.139218 -0.6501410 0.2725392 -0.4238239 0.5686935
39 60 -0.585928 0.584616 0.472560 -0.1898028 -0.2853776 -0.2763502 0.8978670
40 49 0.867996 -0.035587 -0.250612 -0.1042235 -0.1788695 -0.6624804 0.7199048
40 59 0.192449 -0.155957 0.932077 -0.2145249 0.0484886 0.8630601 0.4547034
41 48 0.629096 -0.151501 -0.828656 0.0629199 -0.1403043 0.0521030 0.9867325
41 58 0.811358 -0.512270 0.530164 0.5876260 -0.3915167 0.4164270 0.5727119
42 7 0.627221 0.769855 -0.125316 0.1680489 -0.2904435 0.8764373 0.3453402
42 37 0.066176 0.128661 0.987452 -0.1803709 -0.3807543 0.8210014 0.3852910
42 47 -0.185582 -0.130894 -0.896754 0.3648135 -0.8229256 0.3409609 0.2710170
42 57 -0.604205 -0.944601 0.194484 0.4918999 -0.4346980 0.7114161 0.2509170
43 6 -0.560404 -0.318927 -0.377956 0.6243797 0.0535768 0.6695953 0.3986498
43 46 0.289148 -0.731108 0.634659 -0.4041709 -0.3336294 -0.7860039 0.3279256
43 56 0.674989 0.362221 0.543690 0.2059225 0.3626732 -0.6038323 0.6793016
44 5 0.850972 -0.468741 -0.312472 0.0679993 0.1300097 0.4099880 0.9002130
44 55 -0.795270 0.463742 0.439522 -0.6789675 -0.5031651 -0.4282686 0.3200220
45 54 0.594204 -0.721057 0.681775 0.1005246 0.2448865 0.5764867 0.7730385
46 53 0.152971 0.489651 0.986706 -0.4692074 0.1002850 -0.6113373 0.6293282
47 52 0.839056 -0.482923 0.590981 0.3014197 0.0318160 0.9278076 0.2175016
48 51 0.597252 -0.414027 0.207209 0.0706879 0.9451909 -0.2899066 0.1325581
50 59 0.020768 1.005721 -0.094005 -0.2854250 0.3102282 0.3608617 0.8319074
50 99 0.000727 0.070143 1.150518 0.2298943 0.3762014 0.0860557 0.8934291
51 58 -0.166445 -0.797834 -0.482367 0.0827680 0.1621343 -0.9347585 0.3051040
51 98 -0.803823 -0.355119 0.308493 0.2572650 0.2412319 -0.8892764 0.2912204
52 57 -0.820845 -0.241674 -0.321718 -0.2391918 -0.7628317 -0.5157233 0.3080659
52 97 -0.553074 0.152863 0.882430 0.0298741 0.5353274 0.2279981 0.8127416
53 56 0.588752 -0.456617 -0.869502 -0.2048281 -0.1056019 0.8480962 0.4771023
53 96 0.136676 -0.843136 0.550642 0.5472370 0.1346774 0.7203101 0.4044095
55 64 1.023558 0.444594 -0.095386 0.5178983 -0.3847533 0.6597402 0.3853429
56 93 -0.994119 0.191735 0.338828 -0.5457913 0.1145880 0.2543466 0.7901198
57 62 0.632331 -0.645914 0.109442 0.1552459 0.2681030 -0.5446376 0.7793519
58 61 0.548720 0.722013 0.203150 0.2594569 0.3561241 -0.2701706 0.8560757
58 91 0.417665 -0.704184 0.459336 0.3847831 0.3805747 -0.7365724 0.4056674
59 90 -0.683268 -0.216339 0.755728 0.1077222 0.3699391 -0.3073973 0.8700850
60 89 -0.408818 0.341425 0.872781 0.7129194 -0.3092284 -0.5414017 0.3209486
61 38 -0.182342 0.128362 -0.982169 -0.2255965 -0.3471805 0.4057148 0.8148420
61 68 0.250302 0.883757 0.058213 0.3109674 0.4027291 -0.0778096 0.8573530
61 88 0.153102 -0.126038 0.871690 0.6496314 -0.2608812 -0.5524096 0.4525082
62 87 -0.643984 0.847095 0.016537 -0.8070735 0.1897573 0.5576696 0.0403621
63 66 0.335308 -0.670442 -0.665837 0.3875156 -0.4766246 0.3855949 0.6884601
63 86 -0.279692 -0.900272 0.570747 -0.6185765 0.2237175 0.7488407 0.0809402
64 85 -0.411575 0.121744 0.899774 0.1466770 -0.0593199 -0.0656029 0.9852224
65 84 -0.734120 -0.356667 0.495543 -0.8222430 -0.5105885 0.1719581 0.1834291
66 73 -0.874708 -0.681415 0.403556 0.3770961 -0.5088413 0.6565476 0.4096636
66 83 0.434808 0.012775 1.043433 -0.0968447 0.0563358 0.6683642 0.7353480
67 62 -0.300487 0.009670 0.894245 -0.0484336 0.9544423 -0.1483630 0.2543277
67 72 0.115958 0.071623 -1.137130 0.0176472 0.7437064 0.4622531 0.4826091
67 82 0.689680 0.810129 0.210201 -0.4997339 -0.2481272 -0.5033259 0.6598197
68 81 -0.522518 0.368388 0.623965 0.4297922 0.0552748 -0.8033335 0.4085078
69 60 -0.630574 -0.652905 -0.296166 -0.2810837 -0.0353625 0.8832529 0.3736386
69 80 0.043777 -0.397321 0.855995 0.4269815 -0.3555953 0.0961234 0.8258324
70 29 0.218795 0.494391 -0.864125 -0.2893582 0.3925410 0.6644513 0.5662931
70 79 0.036538 -0.468757 0.765951 -0.3447021 -0.6329877 0.6917680 0.0443172
71 68 -0.273309 0.558829 0.562245 -0.1613126 0.2113073 -0.8611707 0.4332579
71 78 0.846098 -0.140284 0.716873 0.5381110 0.1259787 0.0749276 0.8300312
72 77 -0.155409 0.085230 0.928781 0.1066281 -0.4530440 0.8264765 0.3167304
74 65 -0.051114 0.632638 -0.915783 -0.8124627 0.3776120 0.1463593 0.4193953
75 124 0.023696 -0.021250 0.952912 -0.5864944 0.1958106 -0.4149592 0.6674514
76 73 -0.365439 0.884940 -0.285901 -0.4521955 0.3770172 -0.4555181 0.6677429
76 83 -0.650697 0.061608 0.795417 -0.0430403 0.8528042 -0.5135887 0.0842566
76 123 0.319593 -1.050201 0.328053 0.3953594 0.5917030 0.5008222 0.4927024
77 82 0.468409 0.037302 -0.878189 0.6030929 0.0288973 0.1602337 0.7808771
78 81 -0.511677 0.275752 -0.951688 -0.8578052 0.4269723 0.0480269 0.2820609
79 120 0.076625 -0.903422 0.407937 0.0809501 -0.6308234 0.7398190 0.2194921
80 89 -0.525060 -0.432582 0.735511 0.0952852 0.6504958 -0.2283676 0.7180698
80 119 0.818551 0.074822 0.563756 -0.8289996 0.2000236 -0.4654079 0.2369507
81 88 -0.233200 0.604339 0.832851 0.3821272 0.0898447 0.8450605 0.3630143
81 118 -0.389856 -0.740109 0.473062 0.3794589 0.0481205 0.7531715 0.5351897
82 87 0.641771 -1.039465 -0.249327 -0.0727767 0.6362890 -0.6490613 0.4105598
82 117 0.404387 0.088176 1.004008 0.7997060 -0.2131544 0.5503700 0.1101292
83 86 0.849240 -0.444501 -0.201310 0.7171207 0.3498685 0.5284603 0.2899303
83 116 -0.044758 -0.469075 0.935803 0.3351649 -0.0854626 0.8564141 0.3832956
84 75 -0.665242 0.655992 0.661342 0.4944248 -0.5497373 -0.0362564 0.6723232
85 114 -0.436685 -0.131958 0.975447 -0.4232683 -0.3356410 0.7440731 0.3931213
86 113 0.330126 1.009932 0.146158 -0.1757330 0.8169362 0.5253421 0.1604647
87 92 0.352833 0.310078 0.873381 0.7530862 0.0617019 -0.3283853 0.5667602
87 112 -0.744276 -0.538883 0.502141 -0.4804458 -0.0215535 0.6693480 0.5662866
88 91 0.924267 0.390204 0.486708 -0.2858942 0.5397492 0.0513708 0.7901243
89 110 -0.799613 0.645409 0.195989 -0.0491001 -0.2864130 0.0122607 0.9567688
90 99 -0.000595 -0.939534 -0.422223 0.5336499 -0.1454577 0.0922980 0.8279740
91 98 0.459663 -0.043768 0.788772 -0.5287800 -0.3767721 0.7032848 0.2895256
92 57 0.684732 0.054595 -0.683417 0.3807109 -0.6566469 0.0159107 0.6508617
92 97 -0.169469 0.883693 -0.319472 -0.4946202 0.5654761 0.5412864 0.3776198
93 86 0.044502 0.960937 0.129993 0.5181570 -0.1095275 0.3701014 0.7632444
93 96 -0.297183 -0.965812 -0.082486 0.4631533 -0.6042388 -0.6387969 0.1110088
93 106 -0.818613 0.105951 0.434400 0.2080227 0.1550845 0.7574918 0.5990672
94 55 -0.005539 -0.161077 -0.942529 -0.6815646 -0.0296863 -0.3862925 0.6207790
94 85 0.635001 -0.765430 0.268503 -0.0094997 0.1756684 0.6378662 0.7497847
94 105 0.025830 0.296640 0.971882 0.1495342 0.0913925 -0.6051253 0.7766018
95 54 0.664212 -0.688982 -0.321222 -0.4808453 0.1102426 0.1753461 0.8519907
95 104 -0.606273 0.425840 0.732775 -0.2303888 -0.3209599 0.8144355 0.4249712
96 103 -0.072151 0.855105 0.460308 -0.5344168 0.5239110 0.2277818 0.6229216
97 102 -0.522256 0.666380 0.234183 -0.3735499 0.2112701 0.7957825 0.4272653
98 101 0.359046 -0.396613 0.773145 -0.1587932 0.7066308 -0.0056058 0.6895115
101 108 -0.119159 0.789001 0.410109 0.6516613 -0.1026389 -0.3288065 0.6757877
105 114 0.876620 0.262483 0.704247 0.2116388 0.0297014 -0.4555380 0.8641828
106 103 -0.736780 0.760229 -0.096469 0.0104928 -0.7134319 -0.6381805 0.2891894
106 113 0.600628 -0.700596 0.167387 -0.2669391 0.6438354 0.1197627 0.7070194
107 92 -0.502272 -0.779973 -0.445493 -0.3110840 0.5497231 0.7252469 0.2739493
107 102 -0.436897 -0.213362 0.990551 -0.3106902 0.2343650 0.2343325 0.8908608
108 91 0.303318 -0.396307 -0.872622 0.1579145 0.1703629 0.0060365 0.9726269
108 111 -0.446247 0.661203 -0.650086 0.0253886 0.4663406 0.0193085 0.8840300
109 90 -0.563009 -0.814863 -0.267180 -0.5111741 0.6622980 0.4594385 0.2982929
111 88 0.866325 -0.412011 -0.188034 0.4505386 -0.4804888 0.0257459 0.7519858
111 118 0.081343 0.704640 -0.747248 0.4777781 -0.5765188 -0.2691347 0.6057398
112 107 -0.482625 -0.670637 0.688417 0.0123682 -0.3409710 0.3155670 0.8854396
112 117 0.454197 0.649450 -0.620529 -0.1825481 -0.3343674 0.8512948 0.3607932
113 116 -0.427315 -0.888188 0.163819 0.0327947 -0.4659479 -0.8299662 0.3049151
115 84 -0.362141 -0.067689 -1.009982 -0.5110573 -0.2164452 0.7796126 0.2901314
116 123 0.763046 0.517501 -0.308292 -0.3938131 0.3796482 0.5731121 0.6101812
118 121 -0.957181 -0.348638 -0.223951 -0.2117001 -0.3370092 0.1873560 0.8980566
119 110 0.238163 -0.254551 -0.680839 0.5088268 0.5819417 0.5161524 0.3688168
121 78 -0.327944 -0.382682 -0.969593 0.1134140 -0.6016889 -0.4635999 0.6404552
122 77 0.425832 0.143795 -0.952486 -0.3713506 0.4263946 -0.8238960 0.0384933
122 117 -1.064884 0.366388 -0.175890 -0.1560632 -0.7602047 0.0850285 0.6249026
124 115 0.836136 0.147239 -0.473509 0.2895782 0.2493058 -0.6930450 0.6112934
